,id,Area,geometry,long,lat,feild name,,,,Total Acreage
0,1,0.0893351,POINT (92.12866672071083 25.802475886183906),92.12866672,25.80247589,D1_F3_Field1,,,,61.83748205
1,2,0.553986,POINT (92.12897616498039 25.80182449848937),92.12897616,25.8018245,D1_F3_Field2,,,,
0,1,0.376792389,POINT (92.13041480858385 25.792873420975486),92.13041481,25.79287342,D1_F2_Field1,,,,
1,2,0.056835786,POINT (92.13036877205043 25.793265787586783),92.13036877,25.79326579,D1_F2_Field2,,,,
2,3,0.045204858,POINT (92.13053747591667 25.79339049108237),92.13053748,25.79339049,D1_F2_Field3,,,,
3,4,0.021852187,POINT (92.13071636740206 25.793385924880038),92.13071637,25.79338592,D1_F2_Field4,,,,
4,5,0.042283928,POINT (92.13055969584079 25.793888337402034),92.1305597,25.79388834,D1_F2_Field5,,,,
5,6,0.169825998,POINT (92.13046935542924 25.793671402759262),92.13046936,25.7936714,D1_F2_Field6,,,,
0,1,0.116897,POINT (92.1328067613741 25.783119275524605),92.13280676,25.78311928,D1_F1_Field1,,,,
1,2,0.147654,POINT (92.12727860380417 25.781210865254252),92.1272786,25.78121087,D1_F1_Field2,,,,
2,3,0.552369,POINT (92.12843453252664 25.78122905645846),92.12843453,25.78122906,D1_F1_Field3,,,,
3,4,0.332542,POINT (92.12937644545418 25.782262429254004),92.12937645,25.78226243,D1_F1_Field4,,,,
4,5,0.129082,POINT (92.12837348074568 25.78247542746225),92.12837348,25.78247543,D1_F1_Field5,,,,
5,6,0.566515,POINT (92.12722730426536 25.781726654646878),92.1272273,25.78172665,D1_F1_Field6,,,,
0,1,1.0036,POINT (92.12710676523312 25.7342344483521),92.12710677,25.73423445,D1_F8_Field1,,,,
1,2,0.602335,POINT (92.12674477447995 25.73353924287344),92.12674477,25.73353924,D1_F8_Field2,,,,
2,3,0.115739,POINT (92.12563673134056 25.734453402853735),92.12563673,25.7344534,D1_F8_Field3,,,,
3,4,0.319125,POINT (92.12853848170305 25.734689682414423),92.12853848,25.73468968,D1_F8_Field4,,,,
4,5,0.101003,POINT (92.12967193550138 25.732243881651804),92.12967194,25.73224388,D1_F8_Field5,,,,
5,6,0.449418,POINT (92.1306578238948 25.734155102826705),92.13065782,25.7341551,D1_F8_Field6,,,,
6,7,0.0823309,POINT (92.1312461698692 25.734177019254915),92.13124617,25.73417702,D1_F8_Field7,,,,
7,8,0.302648,POINT (92.1297367643525 25.73289896862803),92.12973676,25.73289897,D1_F8_Field8,,,,
8,9,0.0703912,POINT (92.12903027177364 25.73391709353212),92.12903027,25.73391709,D1_F8_Field9,,,,
9,10,0.185902,POINT (92.12826011217524 25.734305657611472),92.12826011,25.73430566,D1_F8_Field10,,,,
10,11,0.766897,POINT (92.1282916721534 25.73359428902753),92.12829167,25.73359429,D1_F8_Field11,,,,
11,12,0.0708033,POINT (92.12818049159199 25.73279824609015),92.12818049,25.73279825,D1_F8_Field12,,,,
12,13,0.153463,POINT (92.12708856975715 25.732556185899274),92.12708857,25.73255619,D1_F8_Field13,,,,
0,1,0.41411,POINT (92.13907187104918 25.751207396208944),92.13907187,25.7512074,D1_F7_Field1,,,,
1,2,0.250779,POINT (92.13925658704191 25.75097277136671),92.13925659,25.75097277,D1_F7_Field2,,,,
2,3,0.290172,POINT (92.13609186972862 25.747870719650603),92.13609187,25.74787072,D1_F7_Field3,,,,
3,4,0.254203,POINT (92.13832311012133 25.749821777756793),92.13832311,25.74982178,D1_F7_Field4,,,,
4,5,0.5616,POINT (92.13751442229214 25.7515686166265),92.13751442,25.75156862,D1_F7_Field5,,,,
5,6,0.931212,POINT (92.1376368069152 25.752161353456177),92.13763681,25.75216135,D1_F7_Field6,,,,
6,7,0.0958201,POINT (92.13694737122454 25.752150132959454),92.13694737,25.75215013,D1_F7_Field7,,,,
7,8,0.244258,POINT (92.13794547029424 25.750515849388343),92.13794547,25.75051585,D1_F7_Field8,,,,
8,9,0.361438,POINT (92.13839905842008 25.75033515239792),92.13839906,25.75033515,D1_F7_Field9,,,,
9,10,0.75501,POINT (92.13540756415487 25.750179172622758),92.13540756,25.75017917,D1_F7_Field10,,,,
10,11,0.295097,POINT (92.13649264272372 25.746978579905416),92.13649264,25.74697858,D1_F7_Field11,,,,
0,1,0.350748,POINT (92.11777838005219 25.743943146417674),92.11777838,25.74394315,D1_F6_Field1,,,,
1,2,0.671609,POINT (92.11856012045398 25.74371319403779),92.11856012,25.74371319,D1_F6_Field2,,,,
2,3,0.15987,POINT (92.11872367139486 25.743293537731063),92.11872367,25.74329354,D1_F6_Field3,,,,
3,4,0.050002,POINT (92.11916945795517 25.74350618763127),92.11916946,25.74350619,D1_F6_Field4,,,,
4,5,0.0577086,POINT (92.1202269362589 25.742713207785894),92.12022694,25.74271321,D1_F6_Field5,,,,
5,6,0.213339,POINT (92.12142468474626 25.74213055309513),92.12142469,25.74213055,D1_F6_Field6,,,,
6,7,0.258745,POINT (92.12206067074405 25.74254146926773),92.12206067,25.74254147,D1_F6_Field7,,,,
7,8,0.303858,POINT (92.11845197713254 25.744508847935705),92.11845198,25.74450885,D1_F6_Field8,,,,
8,9,0.355924,POINT (92.11701874525149 25.744481848605584),92.11701875,25.74448185,D1_F6_Field9,,,,
9,10,0.0387864,POINT (92.11669509983625 25.744189344632634),92.1166951,25.74418935,D1_F6_Field10,,,,
10,11,0.090826,POINT (92.11698476123686 25.74411626028381),92.11698476,25.74411626,D1_F6_Field11,,,,
11,12,0.412285,POINT (92.11999466904525 25.742969170115334),92.11999467,25.74296917,D1_F6_Field12,,,,
12,13,0.468365,POINT (92.1203702367141 25.74218273850708),92.12037024,25.74218274,D1_F6_Field13,,,,
13,14,0.441913,POINT (92.12202717396345 25.742849383059582),92.12202717,25.74284938,D1_F6_Field14,,,,
14,15,0.341727,POINT (92.12131694635859 25.743361498466406),92.12131695,25.7433615,D1_F6_Field15,,,,
15,16,0.953232,POINT (92.12023733017482 25.743489755576377),92.12023733,25.74348976,D1_F6_Field16,,,,
16,17,0.0970926,POINT (92.11811603953001 25.74356364403365),92.11811604,25.74356364,D1_F6_Field17,,,,
17,18,0.251799,POINT (92.11623020485582 25.744567894326245),92.11623021,25.74456789,D1_F6_Field18,,,,
18,19,0.266203,POINT (92.11584236061879 25.745245267790565),92.11584236,25.74524527,D1_F6_Field19,,,,
19,20,0.139262,POINT (92.11768779924564 25.744795255971802),92.1176878,25.74479526,D1_F6_Field20,,,,
20,21,0.31539,POINT (92.11826482970399 25.746144743990726),92.11826483,25.74614474,D1_F6_Field21,,,,
21,22,0.16483,POINT (92.1172020768333 25.742194724132915),92.11720208,25.74219472,D1_F6_Field22,,,,
22,23,0.631707,POINT (92.11730942076677 25.743020992555444),92.11730942,25.74302099,D1_F6_Field23,,,,
23,24,0.647993,POINT (92.1168196815919 25.741761746764872),92.11681968,25.74176175,D1_F6_Field24,,,,
0,1,0.088011,POINT (92.1392618251744 25.77574471697604),92.13926183,25.77574472,D1_F5_Field1,,,,
1,2,0.0643859,POINT (92.13968490464268 25.775198831094528),92.13968491,25.77519883,D1_F5_Field2,,,,
2,3,0.372959,POINT (92.13930715938874 25.775015363150136),92.13930716,25.77501536,D1_F5_Field3,,,,
3,4,0.457534,POINT (92.13926231607611 25.774106085227046),92.13926232,25.77410609,D1_F5_Field4,,,,
4,5,0.690475,POINT (92.14024293598435 25.77615838282923),92.14024294,25.77615838,D1_F5_Field5,,,,
5,6,0.158669,POINT (92.13986072756015 25.775495778785835),92.13986073,25.77549578,D1_F5_Field6,,,,
6,7,0.0805969,POINT (92.1408693237537 25.775600313650788),92.14086932,25.77560031,D1_F5_Field7,,,,
7,8,0.228906,POINT (92.13922479747349 25.77469318031731),92.1392248,25.77469318,D1_F5_Field8,,,,
8,9,0.246048,POINT (92.139624719563 25.774875649450145),92.13962472,25.77487565,D1_F5_Field9,,,,
0,1,0.158177,POINT (92.13484560266862 25.778365058502555),92.1348456,25.77836506,D1_F4_Field1,,,,
1,2,0.306116,POINT (92.13545156555709 25.77775921215048),92.13545157,25.77775921,D1_F4_Field2,,,,
2,3,0.271566,POINT (92.13751194175792 25.775142698511978),92.13751194,25.7751427,D1_F4_Field3,,,,
3,4,0.292332,POINT (92.13855099904256 25.776006607798454),92.138551,25.77600661,D1_F4_Field4,,,,
4,5,0.10189,POINT (92.13564552056783 25.777696742854708),92.13564552,25.77769674,D1_F4_Field5,,,,
5,6,0.426953,POINT (92.13560900554005 25.777143395738364),92.13560901,25.7771434,D1_F4_Field6,,,,
6,7,0.160885,POINT (92.13422024553975 25.779218548993285),92.13422025,25.77921855,D1_F4_Field7,,,,
7,8,0.123047,POINT (92.13480184068152 25.779047022119776),92.13480184,25.77904702,D1_F4_Field8,,,,
8,9,0.307606,POINT (92.13586852188348 25.776523849268475),92.13586852,25.77652385,D1_F4_Field9,,,,
9,10,0.250778,POINT (92.13574170807357 25.776142904369777),92.13574171,25.7761429,D1_F4_Field10,,,,
10,11,0.696446,POINT (92.13812247806123 25.775923174325737),92.13812248,25.77592317,D1_F4_Field11,,,,
11,12,0.138257,POINT (92.1380080825038 25.774888475528144),92.13800808,25.77488848,D1_F4_Field12,,,,
12,13,0.278953,POINT (92.136093146674 25.775669948328073),92.13609315,25.77566995,D1_F4_Field13,,,,
13,14,0.0652443,POINT (92.13578759021199 25.77578731958298),92.13578759,25.77578732,D1_F4_Field14,,,,
14,15,0.0700154,POINT (92.1373167410465 25.77458447382819),92.13731674,25.77458447,D1_F4_Field15,,,,
15,16,0.0512197,POINT (92.13739120491698 25.774380678964107),92.13739121,25.77438068,D1_F4_Field16,,,,
16,17,0.109577,POINT (92.13775656515031 25.775615696934107),92.13775657,25.7756157,D1_F4_Field17,,,,
17,18,0.400268,POINT (92.13741523272591 25.775778890082336),92.13741523,25.77577889,D1_F4_Field18,,,,
,1,3.84544,POINT (92.07776712011363 25.686121837652205),25.68612184,92.07776712,D2_F1_Field1,,,,
,1,1.58315,POINT (92.10305467745556 25.693870633852555),25.69387063,92.10305468,D2_F2_Field1,,,,
,2,0.148645,POINT (92.10206253168589 25.69494135852231),25.69494136,92.10206253,D2_F2_Field2,,,,
,3,0.0733646,POINT (92.10373583482945 25.695208498345455),25.6952085,92.10373584,D2_F2_Field3,,,,
,4,0.411434,POINT (92.10097568114605 25.69533803187948),25.69533803,92.10097568,D2_F2_Field4,,,,
,5,0.146309,POINT (92.1012753030069 25.696041728403824),25.69604173,92.1012753,D2_F2_Field5,,,,
,6,0.107765,POINT (92.1016272755652 25.696031848573586),25.69603185,92.10162728,D2_F2_Field6,,,,
,7,0.224329,POINT (92.10416958410572 25.69298200951834),25.69298201,92.10416958,D2_F2_Field7,,,,
,8,0.268707,POINT (92.10144308231341 25.69213137801773),25.69213138,92.10144308,D2_F2_Field8,,,,
,1,1.57357,POINT (92.11239177710374 25.70365265636937),25.70365266,92.11239178,D2_F3_Field1,,,,
,2,0.135788,POINT (92.11112147255962 25.704854279080738),25.70485428,92.11112147,D2_F3_Field2,,,,
,3,0.360127,POINT (92.11484448018474 25.704557322207073),25.70455732,92.11484448,D2_F3_Field3,,,,
,4,0.0638108,POINT (92.11494732367139 25.704198669337796),25.70419867,92.11494732,D2_F3_Field4,,,,
,5,0.156904,POINT (92.11449423411298 25.70378946708545),25.70378947,92.11449423,D2_F3_Field5,,,,
,6,0.184516,POINT (92.11408575981197 25.70467585433907),25.70467585,92.11408576,D2_F3_Field6,,,,
,7,0.0954787,POINT (92.11456506111477 25.704667819134766),25.70466782,92.11456506,D2_F3_Field7,,,,
,1,0.171046,POINT (92.09724728313863 25.74533373255762),25.74533373,92.09724728,D2_F4_Field1,,,,
,2,0.53654,POINT (92.09789309495477 25.74491675574953),25.74491676,92.0978931,D2_F4_Field2,,,,
,3,0.15618,POINT (92.09787351475937 25.745554371524157),25.74555437,92.09787352,D2_F4_Field3,,,,
,4,0.119319,POINT (92.09788497253312 25.74416202210847),25.74416202,92.09788497,D2_F4_Field4,,,,
,1,1.35707,POINT (92.09823274670818 25.747079492863495),25.74707949,92.09823275,D2_F5_Field1,,,,
,1,1.33919,POINT (92.09295538464713 25.744563085000618),25.74456309,92.09295539,D2_F6_Field1,,,,
,2,0.120729,POINT (92.09345199951147 25.743969794346086),25.74396979,92.093452,D2_F6_Field2,,,,
,3,0.453506,POINT (92.09426148804526 25.745493592936395),25.74549359,92.09426149,D2_F6_Field3,,,,
,1,0.187979,POINT (92.09178351510695 25.75085297472655),25.75085298,92.09178352,D2_F7_Field1,,,,
,1,0.630565,POINT (92.09599468612538 25.776238302832457),25.7762383,92.09599469,D3_F1&2_Field1,,,,
,2,0.722694,POINT (92.0961743826519 25.775312869367475),25.77531287,92.09617438,D3_F1&2_Field2,,,,
,3,0.103375,POINT (92.09712519227783 25.775753315260317),25.77575332,92.09712519,D3_F1&2_Field3,,,,
,4,0.252914,POINT (92.09427311261133 25.776418297545014),25.7764183,92.09427311,D3_F1&2_Field4,,,,
,5,0.56694,POINT (92.0965963228457 25.773486632552586),25.77348663,92.09659632,D3_F1&2_Field5,,,,
,6,0.797197,POINT (92.0945910342185 25.772878592194765),25.77287859,92.09459103,D3_F1&2_Field6,,,,
,7,1.33169,POINT (92.09321852924317 25.773508589991454),25.77350859,92.09321853,D3_F1&2_Field7,,,,
,8,0.29602,POINT (92.09347576441965 25.77669763064684),25.77669763,92.09347576,D3_F1&2_Field8,,,,
,9,0.169001,POINT (92.09300466118498 25.77538401269737),25.77538401,92.09300466,D3_F1&2_Field9,,,,
,10,0.389522,POINT (92.09256020908457 25.774724663063775),25.77472466,92.09256021,D3_F1&2_Field10,,,,
,11,0.246859,POINT (92.09203748603892 25.775229489186998),25.77522949,92.09203749,D3_F1&2_Field11,,,,
,12,0.521435,POINT (92.09230726355212 25.771626192580925),25.77162619,92.09230726,D3_F1&2_Field12,,,,
,13,0.620721,POINT (92.09210976916378 25.77237665610313),25.77237666,92.09210977,D3_F1&2_Field13,,,,
,1,2.77592,POINT (92.08956960452642 25.77820005531517),25.77820006,92.08956961,D3_F3_Field1,,,,
,2,0.297518,POINT (92.09066147961305 25.77773978260069),25.77773978,92.09066148,D3_F3_Field2,,,,
,3,0.617172,POINT (92.09122547289934 25.779164144233693),25.77916414,92.09122547,D3_F3_Field3,,,,
,4,0.116136,POINT (92.09007433701623 25.779853498801447),25.7798535,92.09007434,D3_F3_Field4,,,,
,1,0.451034,POINT (92.08495558519054 25.765311975261888),25.76531198,92.08495559,D3_F4_Field1,,,,
,2,0.291882,POINT (92.08409993002849 25.76492039377895),25.76492039,92.08409993,D3_F4_Field2,,,,
,3,0.449363,POINT (92.08345464945698 25.763813372630874),25.76381337,92.08345465,D3_F4_Field3,,,,
,4,0.113846,POINT (92.08326429921996 25.763264695929145),25.7632647,92.0832643,D3_F4_Field4,,,,
,5,0.400314,POINT (92.08487775369876 25.76318786842836),25.76318787,92.08487775,D3_F4_Field5,,,,
,6,1.1947,POINT (92.08555550412278 25.763408078068668),25.76340808,92.0855555,D3_F4_Field6,,,,
,7,0.511904,POINT (92.08615217542852 25.764320520589617),25.76432052,92.08615218,D3_F4_Field7,,,,
,8,0.636136,POINT (92.08742751010608 25.761874084124653),25.76187408,92.08742751,D3_F4_Field8,,,,
,9,0.556813,POINT (92.08694562792593 25.761563105148934),25.76156311,92.08694563,D3_F4_Field9,,,,
,10,0.532798,POINT (92.08823658069127 25.76195508460717),25.76195509,92.08823658,D3_F4_Field10,,,,
,11,0.148468,POINT (92.08626297439122 25.761224944457783),25.76122494,92.08626297,D3_F4_Field11,,,,
,12,0.325184,POINT (92.09005265273036 25.76191147426556),25.76191147,92.09005265,D3_F4_Field12,,,,
,1,0.604394,POINT (92.0773007595985 25.73712527555756),25.73712528,92.07730076,D3_F5_Field1,,,,
,2,0.490248,POINT (92.07722985779652 25.735530397975346),25.7355304,92.07722986,D3_F5_Field2,,,,
,3,0.260326,POINT (92.07868672800522 25.737340335778626),25.73734034,92.07868673,D3_F5_Field3,,,,
,4,0.678135,POINT (92.07562260301407 25.73419263652575),25.73419264,92.0756226,D3_F5_Field4,,,,
,5,0.463783,POINT (92.07673342237744 25.734600419014075),25.73460042,92.07673342,D3_F5_Field5,,,,
,1,0.329617,POINT (92.06108713822226 25.768581836804213),25.76858184,92.06108714,D3_F6_Field1,,,,
,2,0.168059,POINT (92.06272468402197 25.767501325396555),25.76750133,92.06272468,D3_F6_Field2,,,,
,1,0.0969056,POINT (92.05905041657505 25.763992097543053),25.7639921,92.05905042,D3_F7_Field1,,,,
,2,1.31083,POINT (92.05799055825354 25.763121227069135),25.76312123,92.05799056,D3_F7_Field2,,,,
,3,0.125113,POINT (92.0572179131442 25.762592403669323),25.7625924,92.05721791,D3_F7_Field3,,,,
,4,0.0577598,POINT (92.05660558572573 25.762291086267144),25.76229109,92.05660559,D3_F7_Field4,,,,
,5,0.292622,POINT (92.05794150106742 25.76201526573471),25.76201527,92.0579415,D3_F7_Field5,,,,
,6,0.0881878,POINT (92.05720045454581 25.761925404458673),25.7619254,92.05720046,D3_F7_Field6,,,,
,7,0.0402682,POINT (92.05683251971728 25.761948243204046),25.76194824,92.05683252,D3_F7_Field7,,,,
,1,0.293348,POINT (92.05723978700259 25.74887117380241),25.74887117,92.05723979,D3_F8_Field1,,,,
,2,0.112157,POINT (92.05649565677452 25.747476122650536),25.74747612,92.05649566,D3_F8_Field2,,,,
,3,0.378051,POINT (92.05573777397696 25.74689827574334),25.74689828,92.05573777,D3_F8_Field3,,,,
